theta <- structure(c(0.1  , 0.1  , 0.1  , 0.1  , 0.1  ,
                     0.05 , 0.05 , 0.05 , 0.05 , 0.05 ,
                     0.2  , 0.2  , 0.2  , 0.2  , 0.2  ,
                     0.2  , 0.2  , 0.2  , 0.2  , 0.2
                     ), .Dim=c(5, 4))
z_init <- structure(c(5.0, 5.0, 5.0, 5.0, 5.0,
                      60.0, 60.0, 60.0, 60.0, 60.0
                      ), .Dim=c(5, 2))
sigma <- structure(c(0.1, 0.1, 0.1, 0.1, 0.1,
                     0.2, 0.2, 0.2, 0.2, 0.2
                     ), .Dim=c(5, 2))
